12 1 0 
13 2 1 
14 3 2 
15 4 3 
16 5 4 
5 18 6 
6 19 7 
7 20 8 
8 21 9 
9 22 10 
10 23 11 
11 12 0 
24 13 12 
25 14 13 
26 15 14 
15 28 16 
16 29 17 
17 30 18 
18 31 19 
19 32 20 
20 33 21 
33 22 21 
34 23 22 
35 12 23 
24 37 25 
25 38 26 
26 39 27 
27 40 28 
28 41 29 
29 42 30 
30 43 31 
43 32 31 
44 33 32 
45 34 33 
46 35 34 
47 24 35 
36 49 37 
37 50 38 
38 51 39 
39 52 40 
40 53 41 
41 54 42 
42 55 43 
55 44 43 
56 45 44 
57 46 45 
58 47 46 
59 36 47 
48 61 49 
49 62 50 
50 63 51 
51 64 52 
52 65 53 
53 66 54 
54 67 55 
67 56 55 
68 57 56 
69 58 57 
70 59 58 
71 48 59 
72 61 60 
61 74 62 
62 75 63 
63 76 64 
64 77 65 
65 78 66 
66 79 67 
79 68 67 
80 69 68 
81 70 69 
82 71 70 
83 60 71 
84 73 72 
73 86 74 
74 87 75 
75 88 76 
76 89 77 
77 90 78 
78 91 79 
91 80 79 
92 81 80 
93 82 81 
94 83 82 
95 72 83 
96 85 84 
85 98 86 
86 99 87 
87 100 88 
88 101 89 
89 102 90 
90 103 91 
91 104 92 
104 93 92 
105 94 93 
106 95 94 
107 84 95 
108 97 96 
109 98 97 
98 111 99 
99 112 100 
100 113 101 
101 114 102 
102 115 103 
103 116 104 
116 105 104 
117 106 105 
118 107 106 
119 96 107 
120 109 108 
121 110 109 
122 111 110 
111 124 112 
112 125 113 
113 126 114 
114 127 115 
115 128 116 
116 129 117 
129 118 117 
130 119 118 
131 108 119 
132 121 120 
133 122 121 
134 123 122 
123 136 124 
124 137 125 
125 138 126 
126 139 127 
127 140 128 
128 141 129 
141 130 129 
142 131 130 
143 120 131 
144 133 132 
145 134 133 
146 135 134 
135 148 136 
136 149 137 
137 150 138 
138 151 139 
139 152 140 
140 153 141 
153 142 141 
154 143 142 
155 132 143 
156 145 144 
157 146 145 
158 147 146 
147 160 148 
148 161 149 
149 162 150 
150 163 151 
151 164 152 
152 165 153 
165 154 153 
166 155 154 
167 144 155 
168 157 156 
169 158 157 
170 159 158 
159 172 160 
160 173 161 
161 174 162 
162 175 163 
163 176 164 
164 177 165 
177 166 165 
178 167 166 
179 156 167 
180 169 168 
181 170 169 
182 171 170 
171 184 172 
172 185 173 
173 186 174 
174 187 175 
175 188 176 
176 189 177 
189 178 177 
190 179 178 
191 168 179 
192 181 180 
193 182 181 
194 183 182 
183 196 184 
184 197 185 
185 198 186 
186 199 187 
187 200 188 
188 201 189 
201 190 189 
202 191 190 
203 180 191 
204 193 192 
205 194 193 
206 195 194 
195 208 196 
196 209 197 
197 210 198 
198 211 199 
199 212 200 
200 213 201 
213 202 201 
214 203 202 
215 192 203 
216 205 204 
217 206 205 
218 207 206 
207 220 208 
208 221 209 
209 222 210 
210 223 211 
211 224 212 
212 225 213 
225 214 213 
226 215 214 
227 204 215 
216 229 217 
217 230 218 
218 231 219 
231 220 219 
232 221 220 
233 222 221 
234 223 222 
235 224 223 
236 225 224 
225 238 226 
226 239 227 
227 228 216 
228 241 229 
229 242 230 
230 243 231 
243 232 231 
244 233 232 
245 234 233 
246 235 234 
247 236 235 
248 237 236 
237 250 238 
238 251 239 
239 240 228 
240 253 241 
241 254 242 
242 255 243 
255 244 243 
256 245 244 
257 246 245 
258 247 246 
259 248 247 
260 249 248 
249 262 250 
250 263 251 
251 252 240 
252 265 253 
253 266 254 
254 267 255 
267 256 255 
268 257 256 
269 258 257 
270 259 258 
271 260 259 
272 261 260 
261 274 262 
262 275 263 
263 264 252 
264 277 265 
265 278 266 
266 279 267 
279 268 267 
280 269 268 
281 270 269 
282 271 270 
283 272 271 
284 273 272 
273 286 274 
274 287 275 
275 276 264 
276 289 277 
277 290 278 
278 291 279 
291 280 279 
292 281 280 
293 282 281 
294 283 282 
295 284 283 
296 285 284 
285 298 286 
286 299 287 
287 288 276 
288 301 289 
289 302 290 
290 303 291 
303 292 291 
304 293 292 
305 294 293 
306 295 294 
307 296 295 
308 297 296 
297 310 298 
298 311 299 
299 300 288 
300 313 301 
301 314 302 
302 315 303 
315 304 303 
316 305 304 
317 306 305 
318 307 306 
319 308 307 
320 309 308 
309 322 310 
310 323 311 
311 312 300 
312 325 313 
313 326 314 
314 327 315 
327 316 315 
328 317 316 
329 318 317 
330 319 318 
331 320 319 
332 321 320 
321 334 322 
322 335 323 
323 324 312 
324 337 325 
325 338 326 
326 339 327 
339 328 327 
340 329 328 
341 330 329 
342 331 330 
343 332 331 
344 333 332 
333 346 334 
334 347 335 
335 336 324 
336 349 337 
337 350 338 
338 351 339 
351 340 339 
352 341 340 
353 342 341 
354 343 342 
355 344 343 
356 345 344 
345 358 346 
346 359 347 
347 348 336 
348 361 349 
349 362 350 
350 363 351 
363 352 351 
364 353 352 
365 354 353 
366 355 354 
367 356 355 
368 357 356 
357 370 358 
358 371 359 
359 360 348 
360 373 361 
361 374 362 
362 375 363 
375 364 363 
376 365 364 
377 366 365 
378 367 366 
379 368 367 
380 369 368 
369 382 370 
370 383 371 
371 372 360 
372 385 373 
373 386 374 
374 387 375 
387 376 375 
388 377 376 
389 378 377 
390 379 378 
391 380 379 
392 381 380 
381 394 382 
382 395 383 
383 384 372 
384 397 385 
385 398 386 
386 399 387 
399 388 387 
400 389 388 
401 390 389 
402 391 390 
403 392 391 
404 393 392 
393 406 394 
394 407 395 
395 396 384 
396 409 397 
397 410 398 
398 411 399 
399 412 400 
412 401 400 
413 402 401 
414 403 402 
415 404 403 
416 405 404 
405 418 406 
406 419 407 
407 408 396 
420 409 408 
421 410 409 
410 423 411 
411 424 412 
412 425 413 
425 414 413 
426 415 414 
427 416 415 
428 417 416 
429 418 417 
430 419 418 
431 408 419 
432 421 420 
433 422 421 
422 435 423 
423 436 424 
424 437 425 
425 438 426 
426 439 427 
427 440 428 
428 441 429 
441 430 429 
442 431 430 
443 420 431 
444 433 432 
445 434 433 
434 447 435 
435 448 436 
436 449 437 
437 450 438 
438 451 439 
439 452 440 
440 453 441 
453 442 441 
454 443 442 
455 432 443 
456 445 444 
457 446 445 
446 459 447 
447 460 448 
448 461 449 
449 462 450 
450 463 451 
451 464 452 
452 465 453 
465 454 453 
466 455 454 
467 444 455 
468 457 456 
469 458 457 
458 471 459 
459 472 460 
460 473 461 
461 474 462 
462 475 463 
463 476 464 
464 477 465 
477 466 465 
478 467 466 
479 456 467 
480 469 468 
481 470 469 
482 471 470 
471 484 472 
472 485 473 
473 486 474 
474 487 475 
475 488 476 
476 489 477 
489 478 477 
490 479 478 
491 468 479 
492 481 480 
493 482 481 
494 483 482 
495 484 483 
484 497 485 
485 498 486 
486 499 487 
487 500 488 
488 501 489 
501 490 489 
502 491 490 
503 480 491 
504 493 492 
505 494 493 
506 495 494 
507 496 495 
508 497 496 
497 510 498 
498 511 499 
499 512 500 
500 513 501 
501 514 502 
514 503 502 
515 492 503 
516 505 504 
517 506 505 
518 507 506 
519 508 507 
520 509 508 
509 522 510 
510 523 511 
511 524 512 
512 525 513 
513 526 514 
514 527 515 
515 516 504 
528 517 516 
529 518 517 
530 519 518 
531 520 519 
532 521 520 
533 522 521 
522 535 523 
523 536 524 
524 537 525 
525 538 526 
526 539 527 
527 528 516 
540 529 528 
541 530 529 
542 531 530 
543 532 531 
544 533 532 
545 534 533 
534 547 535 
535 548 536 
536 549 537 
537 550 538 
538 551 539 
539 540 528 
552 541 540 
553 542 541 
554 543 542 
555 544 543 
556 545 544 
557 546 545 
546 559 547 
547 560 548 
548 561 549 
549 562 550 
550 563 551 
551 552 540 
564 553 552 
565 554 553 
566 555 554 
567 556 555 
568 557 556 
569 558 557 
558 571 559 
559 572 560 
560 573 561 
561 574 562 
562 575 563 
563 564 552 
0 565 564 
1 566 565 
2 567 566 
3 568 567 
4 569 568 
5 570 569 
570 7 571 
571 8 572 
572 9 573 
573 10 574 
574 11 575 
575 0 564 
12 13 1 
13 14 2 
14 15 3 
15 16 4 
16 17 5 
5 17 18 
6 18 19 
7 19 20 
8 20 21 
9 21 22 
10 22 23 
11 23 12 
24 25 13 
25 26 14 
26 27 15 
15 27 28 
16 28 29 
17 29 30 
18 30 31 
19 31 32 
20 32 33 
33 34 22 
34 35 23 
35 24 12 
24 36 37 
25 37 38 
26 38 39 
27 39 40 
28 40 41 
29 41 42 
30 42 43 
43 44 32 
44 45 33 
45 46 34 
46 47 35 
47 36 24 
36 48 49 
37 49 50 
38 50 51 
39 51 52 
40 52 53 
41 53 54 
42 54 55 
55 56 44 
56 57 45 
57 58 46 
58 59 47 
59 48 36 
48 60 61 
49 61 62 
50 62 63 
51 63 64 
52 64 65 
53 65 66 
54 66 67 
67 68 56 
68 69 57 
69 70 58 
70 71 59 
71 60 48 
72 73 61 
61 73 74 
62 74 75 
63 75 76 
64 76 77 
65 77 78 
66 78 79 
79 80 68 
80 81 69 
81 82 70 
82 83 71 
83 72 60 
84 85 73 
73 85 86 
74 86 87 
75 87 88 
76 88 89 
77 89 90 
78 90 91 
91 92 80 
92 93 81 
93 94 82 
94 95 83 
95 84 72 
96 97 85 
85 97 98 
86 98 99 
87 99 100 
88 100 101 
89 101 102 
90 102 103 
91 103 104 
104 105 93 
105 106 94 
106 107 95 
107 96 84 
108 109 97 
109 110 98 
98 110 111 
99 111 112 
100 112 113 
101 113 114 
102 114 115 
103 115 116 
116 117 105 
117 118 106 
118 119 107 
119 108 96 
120 121 109 
121 122 110 
122 123 111 
111 123 124 
112 124 125 
113 125 126 
114 126 127 
115 127 128 
116 128 129 
129 130 118 
130 131 119 
131 120 108 
132 133 121 
133 134 122 
134 135 123 
123 135 136 
124 136 137 
125 137 138 
126 138 139 
127 139 140 
128 140 141 
141 142 130 
142 143 131 
143 132 120 
144 145 133 
145 146 134 
146 147 135 
135 147 148 
136 148 149 
137 149 150 
138 150 151 
139 151 152 
140 152 153 
153 154 142 
154 155 143 
155 144 132 
156 157 145 
157 158 146 
158 159 147 
147 159 160 
148 160 161 
149 161 162 
150 162 163 
151 163 164 
152 164 165 
165 166 154 
166 167 155 
167 156 144 
168 169 157 
169 170 158 
170 171 159 
159 171 172 
160 172 173 
161 173 174 
162 174 175 
163 175 176 
164 176 177 
177 178 166 
178 179 167 
179 168 156 
180 181 169 
181 182 170 
182 183 171 
171 183 184 
172 184 185 
173 185 186 
174 186 187 
175 187 188 
176 188 189 
189 190 178 
190 191 179 
191 180 168 
192 193 181 
193 194 182 
194 195 183 
183 195 196 
184 196 197 
185 197 198 
186 198 199 
187 199 200 
188 200 201 
201 202 190 
202 203 191 
203 192 180 
204 205 193 
205 206 194 
206 207 195 
195 207 208 
196 208 209 
197 209 210 
198 210 211 
199 211 212 
200 212 213 
213 214 202 
214 215 203 
215 204 192 
216 217 205 
217 218 206 
218 219 207 
207 219 220 
208 220 221 
209 221 222 
210 222 223 
211 223 224 
212 224 225 
225 226 214 
226 227 215 
227 216 204 
216 228 229 
217 229 230 
218 230 231 
231 232 220 
232 233 221 
233 234 222 
234 235 223 
235 236 224 
236 237 225 
225 237 238 
226 238 239 
227 239 228 
228 240 241 
229 241 242 
230 242 243 
243 244 232 
244 245 233 
245 246 234 
246 247 235 
247 248 236 
248 249 237 
237 249 250 
238 250 251 
239 251 240 
240 252 253 
241 253 254 
242 254 255 
255 256 244 
256 257 245 
257 258 246 
258 259 247 
259 260 248 
260 261 249 
249 261 262 
250 262 263 
251 263 252 
252 264 265 
253 265 266 
254 266 267 
267 268 256 
268 269 257 
269 270 258 
270 271 259 
271 272 260 
272 273 261 
261 273 274 
262 274 275 
263 275 264 
264 276 277 
265 277 278 
266 278 279 
279 280 268 
280 281 269 
281 282 270 
282 283 271 
283 284 272 
284 285 273 
273 285 286 
274 286 287 
275 287 276 
276 288 289 
277 289 290 
278 290 291 
291 292 280 
292 293 281 
293 294 282 
294 295 283 
295 296 284 
296 297 285 
285 297 298 
286 298 299 
287 299 288 
288 300 301 
289 301 302 
290 302 303 
303 304 292 
304 305 293 
305 306 294 
306 307 295 
307 308 296 
308 309 297 
297 309 310 
298 310 311 
299 311 300 
300 312 313 
301 313 314 
302 314 315 
315 316 304 
316 317 305 
317 318 306 
318 319 307 
319 320 308 
320 321 309 
309 321 322 
310 322 323 
311 323 312 
312 324 325 
313 325 326 
314 326 327 
327 328 316 
328 329 317 
329 330 318 
330 331 319 
331 332 320 
332 333 321 
321 333 334 
322 334 335 
323 335 324 
324 336 337 
325 337 338 
326 338 339 
339 340 328 
340 341 329 
341 342 330 
342 343 331 
343 344 332 
344 345 333 
333 345 346 
334 346 347 
335 347 336 
336 348 349 
337 349 350 
338 350 351 
351 352 340 
352 353 341 
353 354 342 
354 355 343 
355 356 344 
356 357 345 
345 357 358 
346 358 359 
347 359 348 
348 360 361 
349 361 362 
350 362 363 
363 364 352 
364 365 353 
365 366 354 
366 367 355 
367 368 356 
368 369 357 
357 369 370 
358 370 371 
359 371 360 
360 372 373 
361 373 374 
362 374 375 
375 376 364 
376 377 365 
377 378 366 
378 379 367 
379 380 368 
380 381 369 
369 381 382 
370 382 383 
371 383 372 
372 384 385 
373 385 386 
374 386 387 
387 388 376 
388 389 377 
389 390 378 
390 391 379 
391 392 380 
392 393 381 
381 393 394 
382 394 395 
383 395 384 
384 396 397 
385 397 398 
386 398 399 
399 400 388 
400 401 389 
401 402 390 
402 403 391 
403 404 392 
404 405 393 
393 405 406 
394 406 407 
395 407 396 
396 408 409 
397 409 410 
398 410 411 
399 411 412 
412 413 401 
413 414 402 
414 415 403 
415 416 404 
416 417 405 
405 417 418 
406 418 419 
407 419 408 
420 421 409 
421 422 410 
410 422 423 
411 423 424 
412 424 425 
425 426 414 
426 427 415 
427 428 416 
428 429 417 
429 430 418 
430 431 419 
431 420 408 
432 433 421 
433 434 422 
422 434 435 
423 435 436 
424 436 437 
425 437 438 
426 438 439 
427 439 440 
428 440 441 
441 442 430 
442 443 431 
443 432 420 
444 445 433 
445 446 434 
434 446 447 
435 447 448 
436 448 449 
437 449 450 
438 450 451 
439 451 452 
440 452 453 
453 454 442 
454 455 443 
455 444 432 
456 457 445 
457 458 446 
446 458 459 
447 459 460 
448 460 461 
449 461 462 
450 462 463 
451 463 464 
452 464 465 
465 466 454 
466 467 455 
467 456 444 
468 469 457 
469 470 458 
458 470 471 
459 471 472 
460 472 473 
461 473 474 
462 474 475 
463 475 476 
464 476 477 
477 478 466 
478 479 467 
479 468 456 
480 481 469 
481 482 470 
482 483 471 
471 483 484 
472 484 485 
473 485 486 
474 486 487 
475 487 488 
476 488 489 
489 490 478 
490 491 479 
491 480 468 
492 493 481 
493 494 482 
494 495 483 
495 496 484 
484 496 497 
485 497 498 
486 498 499 
487 499 500 
488 500 501 
501 502 490 
502 503 491 
503 492 480 
504 505 493 
505 506 494 
506 507 495 
507 508 496 
508 509 497 
497 509 510 
498 510 511 
499 511 512 
500 512 513 
501 513 514 
514 515 503 
515 504 492 
516 517 505 
517 518 506 
518 519 507 
519 520 508 
520 521 509 
509 521 522 
510 522 523 
511 523 524 
512 524 525 
513 525 526 
514 526 527 
515 527 516 
528 529 517 
529 530 518 
530 531 519 
531 532 520 
532 533 521 
533 534 522 
522 534 535 
523 535 536 
524 536 537 
525 537 538 
526 538 539 
527 539 528 
540 541 529 
541 542 530 
542 543 531 
543 544 532 
544 545 533 
545 546 534 
534 546 547 
535 547 548 
536 548 549 
537 549 550 
538 550 551 
539 551 540 
552 553 541 
553 554 542 
554 555 543 
555 556 544 
556 557 545 
557 558 546 
546 558 559 
547 559 560 
548 560 561 
549 561 562 
550 562 563 
551 563 552 
564 565 553 
565 566 554 
566 567 555 
567 568 556 
568 569 557 
569 570 558 
558 570 571 
559 571 572 
560 572 573 
561 573 574 
562 574 575 
563 575 564 
0 1 565 
1 2 566 
2 3 567 
3 4 568 
4 5 569 
5 6 570 
570 6 7 
571 7 8 
572 8 9 
573 9 10 
574 10 11 
575 11 0 

