43 -76 16 
-43 -76 16 
50 -68 9 
-50 -68 9 
54 -57 5 
-54 -57 5 
35 -61 -2 
-35 -61 -2 
35 -71 3 
-35 -71 3 
35 -78 13 
-35 -78 13 
27 -79 16 
-27 -79 16 
20 -74 9 
-20 -74 9 
15 -64 5 
-15 -64 5 
7 -65 24 
-7 -65 24 
14 -74 24 
-14 -74 24 
24 -79 24 
-24 -79 24 
27 -79 32 
-27 -79 32 
20 -74 39 
-20 -74 39 
15 -64 43 
-15 -64 43 
35 -61 51 
-35 -61 51 
35 -71 45 
-35 -71 45 
35 -78 35 
-35 -78 35 
43 -76 32 
-43 -76 32 
50 -68 39 
-50 -68 39 
54 -57 43 
-54 -57 43 
62 -56 24 
-62 -56 24 
56 -67 24 
-56 -67 24 
46 -75 24 
-46 -75 24 
47 -77 24 
-47 -77 24 
44 -78 33 
-44 -78 33 
35 -80 37 
-35 -80 37 
26 -82 33 
-26 -82 33 
22 -82 24 
-22 -82 24 
26 -82 15 
-26 -82 15 
35 -82 24 
-35 -82 24 
35 -80 11 
-35 -80 11 
44 -78 15 
-44 -78 15 
0 -74 42 
0 -82 35 
0 -73 -67 
0 -78 -32 
0 -79 -18 
0 -71 -77 
0 -60 40 
0 -57 57 
0 54 89 
0 85 56 
0 82 7 
0 35 -38 
20 -56 -18 
-20 -56 -18 
31 -57 -43 
-31 -57 -43 
35 -57 -69 
-35 -57 -69 
36 -53 -89 
-36 -53 -89 
32 -52 -94 
-32 -52 -94 
17 -55 -96 
-17 -55 -96 
0 -57 -98 
43 -53 -14 
-43 -53 -14 
63 -53 -3 
-63 -53 -3 
82 -44 14 
-82 -44 14 
85 -59 42 
-85 -59 42 
71 -62 48 
-71 -62 48 
49 -68 60 
-49 -68 60 
32 -73 75 
-32 -73 75 
15 -75 71 
-15 -75 71 
6 -75 49 
-6 -75 49 
16 -77 41 
-16 -77 41 
12 -76 30 
-12 -76 30 
20 -74 9 
-20 -74 9 
37 -70 1 
-37 -70 1 
49 -67 6 
-49 -67 6 
62 -64 18 
-62 -64 18 
64 -64 29 
-64 -64 29 
60 -66 37 
-60 -66 37 
42 -71 43 
-42 -71 43 
25 -75 46 
-25 -75 46 
0 -73 -76 
10 -73 -71 
-10 -73 -71 
11 -71 -83 
-11 -71 -83 
6 -69 -88 
-6 -69 -88 
0 -68 -89 
0 -75 -19 
0 -74 -14 
10 -74 -14 
-10 -74 -14 
12 -75 -22 
-12 -75 -22 
8 -74 -28 
-8 -74 -28 
39 -67 -4 
-39 -67 -4 
61 -62 5 
-61 -62 5 
72 -60 20 
-72 -60 20 
74 -65 37 
-74 -65 37 
68 -72 41 
-68 -72 41 
43 -79 54 
-43 -79 54 
31 -83 64 
-31 -83 64 
20 -85 61 
-20 -85 61 
10 -84 42 
-10 -84 42 
12 -81 -10 
-12 -81 -10 
21 -71 -44 
-21 -71 -44 
25 -68 -70 
-25 -68 -70 
26 -66 -82 
-26 -66 -82 
23 -63 -91 
-23 -63 -91 
16 -63 -92 
-16 -63 -92 
0 -64 -94 
0 -72 4 
0 -76 21 
32 -74 47 
-32 -74 47 
16 -75 14 
-16 -75 14 
13 -75 21 
-13 -75 21 
11 -73 -68 
-11 -73 -68 
7 -75 -44 
-7 -75 -44 
0 -75 -44 
0 -74 -32 
9 -78 -27 
-9 -78 -27 
13 -79 -22 
-13 -79 -22 
10 -78 -13 
-10 -78 -13 
3 -78 -12 
-3 -78 -12 
0 -82 -20 
4 -81 -14 
-4 -81 -14 
9 -81 -15 
-9 -81 -15 
10 -82 -22 
-10 -82 -22 
7 -80 -25 
-7 -80 -25 
0 -80 -28 
25 -55 -31 
-25 -55 -31 
16 -71 -24 
-16 -71 -24 
17 -71 -31 
-17 -71 -31 
23 -55 -25 
-23 -55 -25 
0 -68 -87 
4 -68 -86 
-4 -68 -86 
9 -71 -82 
-9 -71 -82 
9 -72 -74 
-9 -72 -74 
0 -65 -78 
9 -66 -75 
-9 -66 -75 
9 -64 -81 
-9 -64 -81 
4 -63 -85 
-4 -63 -85 
0 -63 -85 
17 -78 21 
-17 -78 21 
18 -77 15 
-18 -77 15 
33 -75 42 
-33 -75 42 
27 -77 42 
-27 -77 42 
42 -77 39 
-42 -77 39 
56 -69 35 
-56 -69 35 
58 -68 28 
-58 -68 28 
57 -67 19 
-57 -67 19 
47 -71 10 
-47 -71 10 
37 -74 6 
-37 -74 6 
22 -78 10 
-22 -78 10 
17 -78 29 
-17 -78 29 
21 -78 37 
-21 -78 37 
23 -75 35 
-23 -75 35 
19 -75 29 
-19 -75 29 
24 -75 12 
-24 -75 12 
37 -72 8 
-37 -72 8 
46 -70 11 
-46 -70 11 
54 -67 21 
-54 -67 21 
55 -67 28 
-55 -67 28 
53 -67 33 
-53 -67 33 
41 -75 39 
-41 -75 39 
28 -76 39 
-28 -76 39 
33 -75 40 
-33 -75 40 
20 -75 17 
-20 -75 17 
19 -75 22 
-19 -75 22 
10 -60 46 
-10 -60 46 
19 -61 66 
-19 -61 66 
33 -59 68 
-33 -59 68 
48 -55 55 
-48 -55 55 
67 -49 45 
-67 -49 45 
79 -46 40 
-79 -46 40 
77 -37 16 
-77 -37 16 
60 -41 0 
-60 -41 0 
43 -46 -9 
-43 -46 -9 
0 -28 89 
0 7 98 
0 67 -19 
0 -18 -46 
0 -46 -97 
0 -34 -80 
0 -32 -57 
0 -28 -48 
85 -5 23 
-85 -5 23 
85 4 32 
-85 4 32 
77 43 26 
-77 43 26 
46 70 43 
-46 70 43 
73 -7 -4 
-73 -7 -4 
59 16 -12 
-59 16 -12 
64 42 0 
-64 42 0 
33 66 5 
-33 66 5 
23 -40 -35 
-23 -40 -35 
17 -25 -41 
-17 -25 -41 
28 -38 -71 
-28 -38 -71 
25 -39 -50 
-25 -39 -50 
32 -39 -91 
-32 -39 -91 
14 -36 -75 
-14 -36 -75 
12 -35 -53 
-12 -35 -53 
16 -43 -94 
-16 -43 -94 
21 -42 -28 
-21 -42 -28 
21 -46 -22 
-21 -46 -22 
20 -50 -17 
-20 -50 -17 
21 -16 -39 
-21 -16 -39 
29 26 -31 
-29 26 -31 
34 53 -14 
-34 53 -14 
45 38 86 
-45 38 86 
45 7 92 
-45 7 92 
45 -23 85 
-45 -23 85 
46 -42 52 
-46 -42 52 
72 -33 40 
-72 -33 40 
63 -28 45 
-63 -28 45 
64 -5 70 
-64 -5 70 
79 -12 56 
-79 -12 56 
79 11 61 
-79 11 61 
64 19 75 
-64 19 75 
64 44 67 
-64 44 67 
79 35 53 
-79 35 53 
61 58 32 
-61 58 32 
48 54 2 
-48 54 2 
82 20 32 
-82 20 32 
40 -14 -17 
-40 -14 -17 
42 21 -19 
-42 21 -19 
89 23 40 
-89 23 40 
77 12 -14 
-77 12 -14 
103 32 -10 
-103 32 -10 
128 42 5 
-128 42 5 
135 42 32 
-135 42 32 
123 42 50 
-123 42 50 
102 31 47 
-102 31 47 
101 28 41 
-101 28 41 
118 39 43 
-118 39 43 
126 40 28 
-126 40 28 
121 40 7 
-121 40 7 
103 30 -3 
-103 30 -3 
82 13 -7 
-82 13 -7 
92 21 35 
-92 21 35 
94 28 30 
-94 28 30 
88 21 -2 
-88 21 -2 
103 36 0 
-103 36 0 
118 44 9 
-118 44 9 
123 44 25 
-123 44 25 
117 43 35 
-117 43 35 
102 35 34 
-102 35 34 
84 21 28 
-84 21 28 
83 27 17 
-83 27 17 
75 27 9 
-75 27 9 
82 27 8 
-82 27 8 
84 27 1 
-84 27 1 
81 27 -1 
-81 27 -1 
72 7 0 
-72 7 0 
71 17 -2 
-71 17 -2 
71 18 3 
-71 18 3 
79 21 20 
-79 21 20 
89 26 24 
-89 26 24 
89 32 23 
-89 32 23 
81 32 -1 
-81 32 -1 
85 32 1 
-85 32 1 
82 32 7 
-82 32 7 
76 32 9 
-76 32 9 
84 32 17 
-84 32 17 
103 41 32 
-103 41 32 
118 48 34 
-118 48 34 
125 49 24 
-125 49 24 
121 48 8 
-121 48 8 
104 42 0 
-104 42 0 
88 26 -1 
-88 26 -1 
95 34 28 
-95 34 28 
89 32 10 
-89 32 10 
93 33 6 
-93 33 6 
100 36 12 
-100 36 12 
96 35 17 
-96 35 17 
101 37 23 
-101 37 23 
105 38 18 
-105 38 18 
110 39 21 
-110 39 21 
108 39 27 
-108 39 27 
102 48 43 
-102 48 43 
125 54 46 
-125 54 46 
136 50 29 
-136 50 29 
131 53 5 
-131 53 5 
103 49 -8 
-103 49 -8 
78 32 -12 
-78 32 -12 
85 38 38 
-85 38 38 

