0 1 
1 1262 
1262 13 
1 13 
2 3 
3 1256 
1256 4 
4 5 
5 6 
6 7 
7 14 
6 14 
1263 23 
23 8 
8 9 
9 10 
10 11 
11 12 
12 1264 
1264 15 
1265 16 
0 16 
0 17 
2 18 
13 18 
5 27 
8 19 
19 9 
15 16 
1256 20 
3 20 
5 21 
27 21 
6 22 
14 22 
22 23 
24 10 
1 25 
3 26 
18 26 
4 27 
20 27 
6 28 
21 28 
28 22 
9 29 
29 24 
12 30 
30 15 
13 31 
22 32 
23 33 
32 33 
33 19 
16 34 
34 35 
17 35 
36 25 
17 36 
18 37 
27 38 
38 21 
19 39 
39 29 
15 40 
40 34 
27 41 
41 38 
21 42 
42 28 
32 43 
33 44 
43 44 
44 39 
36 31 
42 43 
29 45 
45 24 
10 46 
11 47 
46 47 
30 47 
31 48 
48 37 
42 55 
43 49 
44 50 
49 50 
50 39 
30 51 
51 40 
34 52 
35 52 
36 52 
36 53 
53 48 
37 54 
38 55 
42 61 
61 49 
39 56 
56 45 
40 57 
57 52 
37 58 
58 26 
20 59 
41 60 
59 60 
60 55 
49 62 
50 63 
62 63 
63 56 
24 64 
64 46 
53 65 
58 59 
60 61 
69 62 
45 76 
76 64 
47 66 
66 51 
57 72 
57 65 
53 67 
48 68 
67 68 
68 54 
61 69 
62 70 
63 71 
70 71 
71 56 
51 72 
73 67 
65 73 
68 58 
60 74 
75 70 
56 76 
57 77 
65 78 
77 78 
73 78 
58 83 
60 79 
69 79 
79 75 
70 80 
71 81 
80 81 
81 76 
64 86 
64 66 
72 82 
82 77 
68 83 
58 84 
83 84 
75 85 
85 80 
76 92 
92 86 
66 87 
87 82 
67 88 
68 88 
59 89 
84 89 
79 90 
90 85 
85 91 
81 91 
91 92 
93 88 
73 93 
79 94 
89 94 
91 95 
95 92 
98 86 
77 101 
101 93 
83 96 
90 97 
94 97 
85 97 
97 95 
92 98 
64 99 
106 99 
99 87 
82 100 
100 101 
88 108 
88 102 
108 102 
89 103 
94 104 
103 104 
95 105 
105 98 
86 106 
111 106 
87 107 
107 100 
93 108 
89 109 
84 109 
97 110 
104 110 
110 105 
98 111 
101 112 
102 113 
108 113 
103 114 
104 115 
114 115 
105 116 
110 116 
116 111 
120 106 
101 117 
93 117 
108 117 
108 119 
118 119 
108 118 
96 129 
111 120 
126 99 
100 121 
121 112 
118 117 
84 122 
129 122 
103 123 
109 123 
114 124 
123 124 
116 125 
115 125 
125 120 
106 126 
133 126 
107 127 
127 121 
117 128 
113 129 
129 130 
109 131 
122 131 
115 132 
124 132 
120 133 
112 134 
134 128 
117 135 
113 136 
119 136 
124 137 
123 137 
125 138 
132 138 
138 133 
142 126 
119 140 
139 140 
118 139 
129 141 
136 141 
133 142 
99 143 
149 143 
143 127 
121 151 
151 134 
139 135 
123 144 
131 144 
123 145 
144 145 
137 146 
145 146 
138 147 
132 147 
147 142 
126 149 
148 149 
127 150 
150 151 
128 152 
152 135 
130 153 
141 153 
142 154 
154 148 
134 155 
155 152 
135 156 
139 156 
136 157 
140 157 
146 158 
145 158 
147 159 
146 159 
159 154 
140 162 
141 160 
157 160 
166 143 
161 155 
139 162 
122 169 
145 163 
144 163 
159 164 
158 164 
164 154 
148 165 
149 166 
165 166 
151 167 
167 161 
152 168 
168 156 
153 169 
160 169 
131 170 
169 170 
158 171 
154 172 
172 165 
155 173 
173 168 
156 174 
162 174 
157 175 
162 175 
158 176 
163 176 
164 177 
171 177 
177 172 
178 179 
162 178 
160 180 
175 180 
143 181 
181 150 
161 182 
182 173 
169 183 
144 184 
170 184 
163 185 
184 185 
177 186 
171 186 
186 172 
165 191 
166 187 
191 187 
187 181 
150 188 
188 167 
168 189 
189 174 
169 198 
171 190 
176 190 
172 191 
173 192 
192 189 
174 193 
178 193 
175 197 
176 194 
185 194 
186 195 
190 195 
195 191 
199 187 
179 197 
196 197 
178 196 
180 198 
197 198 
191 199 
181 200 
200 188 
182 201 
201 192 
183 208 
185 202 
184 202 
195 203 
190 203 
203 199 
187 204 
204 200 
167 205 
205 201 
189 206 
206 193 
198 207 
197 207 
198 208 
207 208 
170 209 
208 209 
190 210 
194 210 
199 211 
211 204 
192 212 
212 206 
193 213 
196 213 
197 214 
214 215 
194 216 
202 216 
203 217 
210 217 
217 211 
204 218 
218 200 
219 214 
196 219 
208 220 
207 220 
211 221 
221 218 
200 222 
222 188 
201 223 
223 212 
208 224 
220 224 
184 225 
209 225 
202 226 
225 226 
202 227 
226 227 
216 228 
227 228 
217 229 
216 229 
229 221 
218 230 
230 222 
188 231 
231 205 
206 232 
232 213 
207 233 
209 234 
224 234 
221 235 
235 230 
222 236 
212 237 
237 232 
213 238 
219 238 
214 239 
215 239 
239 233 
228 240 
227 240 
229 241 
241 235 
230 242 
242 236 
243 239 
219 243 
220 244 
240 241 
235 245 
245 242 
222 253 
253 231 
223 246 
246 237 
243 247 
247 233 
224 248 
227 249 
226 249 
240 250 
249 250 
241 251 
251 245 
242 252 
236 253 
252 253 
231 254 
205 254 
254 246 
232 255 
255 238 
243 256 
247 244 
225 257 
257 226 
250 251 
245 258 
252 258 
237 259 
259 255 
243 260 
247 261 
260 261 
251 262 
262 258 
252 263 
253 263 
244 271 
271 248 
234 272 
272 257 
226 264 
249 264 
264 250 
265 262 
258 266 
266 263 
253 267 
267 254 
246 268 
268 259 
255 269 
269 256 
270 260 
256 270 
247 271 
248 272 
250 273 
273 265 
262 274 
274 266 
263 275 
275 267 
267 276 
276 268 
261 277 
277 271 
278 272 
266 279 
279 275 
260 280 
270 280 
280 277 
277 278 
274 281 
281 279 
275 282 
282 267 
259 283 
283 269 
270 284 
280 284 
272 285 
285 257 
286 273 
265 287 
287 281 
279 288 
288 282 
267 289 
283 284 
280 290 
290 277 
277 291 
291 278 
264 292 
292 286 
286 287 
281 293 
293 288 
282 294 
294 289 
267 295 
295 276 
268 296 
296 283 
277 297 
297 291 
278 298 
298 285 
257 299 
299 292 
288 300 
300 294 
301 302 
290 301 
302 297 
293 303 
303 300 
294 304 
283 305 
285 316 
285 306 
316 306 
287 307 
307 303 
300 308 
308 304 
289 313 
313 295 
305 301 
291 309 
292 310 
299 310 
286 311 
292 311 
303 312 
312 308 
294 313 
276 314 
314 296 
297 315 
298 316 
309 316 
308 319 
302 317 
301 317 
307 318 
311 318 
318 319 
304 320 
320 313 
305 321 
301 322 
317 322 
316 323 
292 324 
310 324 
308 325 
325 320 
331 295 
321 322 
317 326 
309 334 
299 327 
306 327 
311 328 
324 328 
318 329 
328 329 
319 330 
318 330 
313 331 
295 332 
332 314 
296 333 
333 321 
315 334 
326 334 
316 335 
334 335 
329 330 
319 336 
336 325 
317 337 
320 338 
338 331 
321 339 
306 340 
323 340 
324 341 
327 341 
329 342 
328 342 
342 330 
325 343 
343 338 
321 344 
344 337 
326 345 
328 346 
341 346 
346 342 
330 347 
347 336 
314 348 
333 348 
348 339 
334 349 
335 350 
349 350 
327 351 
340 351 
351 341 
342 352 
352 347 
336 353 
353 343 
354 345 
337 354 
338 355 
339 356 
356 344 
337 357 
354 357 
323 358 
340 359 
358 359 
341 360 
360 346 
352 361 
361 347 
343 362 
362 355 
331 363 
363 332 
344 364 
364 357 
345 365 
365 349 
366 350 
359 351 
360 361 
347 367 
367 353 
338 368 
368 363 
332 369 
348 370 
369 370 
370 356 
349 371 
371 366 
351 372 
360 372 
361 373 
373 367 
367 362 
374 365 
354 374 
360 375 
375 373 
367 376 
355 377 
377 368 
356 378 
378 364 
359 379 
372 380 
380 375 
373 381 
381 376 
367 382 
362 382 
382 377 
378 374 
365 383 
383 371 
366 384 
384 350 
379 380 
370 385 
378 386 
385 386 
374 387 
387 383 
371 388 
388 384 
350 389 
389 358 
380 390 
390 375 
381 391 
391 376 
382 392 
392 377 
363 393 
393 369 
378 394 
394 387 
395 390 
375 396 
396 391 
376 397 
397 392 
377 398 
398 368 
369 399 
399 385 
383 401 
400 401 
401 388 
390 402 
402 396 
391 403 
403 397 
392 404 
404 398 
384 411 
358 405 
389 405 
379 406 
405 406 
396 407 
407 403 
397 415 
415 404 
398 393 
385 408 
386 409 
408 409 
409 394 
410 401 
400 410 
388 411 
395 412 
406 412 
402 413 
412 413 
413 414 
414 407 
403 419 
419 415 
404 416 
394 417 
400 417 
410 417 
389 418 
411 418 
407 419 
415 420 
420 416 
404 425 
398 421 
425 421 
399 422 
422 408 
401 423 
424 420 
416 425 
417 426 
410 426 
411 427 
423 427 
414 428 
413 428 
419 429 
428 429 
429 424 
420 430 
430 425 
437 421 
398 444 
444 393 
408 431 
409 432 
431 432 
432 426 
410 433 
427 434 
406 435 
405 435 
413 436 
412 436 
429 430 
425 437 
393 450 
450 422 
426 438 
438 433 
423 439 
433 439 
427 440 
439 440 
412 441 
435 441 
429 442 
428 442 
430 443 
443 437 
421 444 
448 444 
422 445 
445 431 
433 446 
405 447 
434 447 
442 443 
437 448 
443 449 
449 448 
431 451 
432 452 
451 452 
452 438 
434 453 
440 453 
436 460 
436 454 
460 454 
442 455 
454 455 
455 449 
448 456 
438 457 
457 446 
439 459 
458 459 
446 458 
441 460 
435 460 
449 461 
455 461 
461 456 
448 462 
444 462 
462 450 
440 463 
459 463 
455 464 
454 464 
455 465 
464 465 
461 466 
465 466 
466 456 
450 467 
451 468 
452 469 
468 469 
469 457 
458 470 
453 471 
463 471 
435 472 
447 472 
454 473 
477 473 
456 479 
479 462 
450 487 
487 445 
457 474 
474 470 
459 475 
470 475 
453 476 
471 476 
460 477 
472 477 
465 478 
464 478 
478 479 
462 480 
480 467 
445 481 
481 468 
463 483 
475 483 
464 484 
473 484 
486 480 
478 485 
484 485 
479 486 
485 486 
467 487 
468 488 
469 489 
488 489 
489 474 
470 490 
482 490 
471 491 
483 491 
477 492 
489 490 
475 493 
482 493 
476 494 
491 494 
477 495 
472 495 
485 496 
484 496 
485 497 
496 497 
480 502 
502 498 
498 487 
482 499 
483 500 
493 500 
484 501 
492 501 
486 502 
497 503 
496 503 
503 502 
511 498 
487 504 
488 505 
505 506 
489 506 
490 507 
499 507 
491 518 
472 508 
494 508 
492 509 
495 509 
492 510 
509 510 
502 511 
504 481 
489 512 
512 507 
493 520 
494 513 
518 513 
496 514 
501 514 
503 515 
514 515 
515 511 
498 516 
516 504 
481 517 
517 505 
500 518 
520 518 
494 519 
513 519 
511 522 
522 516 
499 520 
514 521 
510 521 
515 522 
521 522 
516 523 
504 524 
523 524 
506 525 
525 512 
507 526 
520 526 
518 527 
520 527 
509 528 
495 528 
510 529 
528 529 
530 523 
504 531 
531 517 
512 532 
532 526 
533 534 
520 533 
513 535 
527 535 
495 536 
508 536 
521 537 
529 537 
521 538 
537 538 
538 530 
523 539 
539 524 
527 540 
529 541 
528 541 
529 542 
541 542 
530 543 
543 539 
527 544 
535 545 
540 545 
538 546 
542 546 
546 543 
539 547 
524 548 
547 548 
548 531 
505 549 
525 550 
549 550 
550 551 
551 532 
526 552 
533 552 
535 553 
545 553 
543 559 
559 547 
531 554 
554 517 
532 555 
555 552 
534 556 
533 556 
556 544 
541 557 
536 557 
542 558 
541 558 
546 558 
558 559 
547 560 
560 548 
554 549 
567 560 
548 561 
561 554 
556 562 
544 563 
562 563 
540 563 
545 564 
563 564 
557 565 
536 565 
558 566 
559 567 
566 567 
560 568 
568 561 
554 569 
550 555 
552 570 
562 570 
557 571 
571 566 
578 568 
550 572 
555 573 
573 570 
563 574 
574 564 
553 575 
536 576 
575 576 
566 577 
567 578 
577 578 
568 579 
579 561 
554 580 
580 549 
572 573 
564 581 
581 582 
582 575 
588 579 
561 583 
583 569 
562 584 
570 584 
574 585 
584 585 
585 581 
565 586 
586 571 
577 587 
578 588 
587 588 
579 589 
589 583 
569 590 
590 580 
549 591 
591 572 
570 592 
584 592 
571 593 
593 587 
599 589 
572 594 
573 595 
595 592 
584 596 
596 585 
597 581 
587 598 
588 599 
598 599 
589 600 
600 583 
594 595 
585 606 
606 597 
581 601 
601 582 
575 602 
576 602 
602 586 
603 600 
583 604 
604 590 
592 605 
596 605 
605 606 
582 607 
607 602 
608 593 
598 609 
609 610 
599 610 
610 603 
603 611 
611 604 
580 612 
604 612 
612 591 
613 597 
608 609 
594 614 
595 615 
605 615 
606 617 
616 617 
605 616 
617 613 
597 618 
618 601 
586 619 
602 619 
610 620 
620 603 
621 611 
614 615 
601 622 
618 622 
602 623 
607 623 
603 629 
629 621 
604 624 
607 625 
622 625 
602 626 
623 626 
608 627 
619 627 
609 628 
627 628 
620 628 
628 629 
611 630 
630 624 
624 612 
591 631 
631 614 
613 632 
633 621 
614 634 
615 635 
616 635 
617 636 
616 636 
618 637 
632 637 
619 638 
626 638 
629 640 
640 633 
621 639 
639 630 
634 635 
628 640 
624 643 
636 641 
627 642 
638 642 
630 643 
624 644 
612 645 
644 645 
645 631 
632 646 
641 646 
640 647 
642 647 
633 656 
656 639 
634 648 
635 649 
636 649 
636 650 
637 651 
646 651 
638 660 
639 652 
652 643 
648 649 
623 653 
625 653 
638 654 
660 654 
642 655 
647 655 
655 656 
657 644 
641 658 
625 659 
651 659 
626 660 
653 660 
642 661 
654 661 
661 655 
643 662 
662 657 
631 663 
663 648 
646 664 
655 665 
656 666 
665 666 
666 652 
649 667 
667 668 
650 668 
669 658 
650 669 
651 670 
660 671 
671 654 
652 672 
672 662 
648 673 
673 667 
660 674 
674 671 
654 675 
675 661 
665 676 
666 677 
676 677 
677 672 
669 664 
675 676 
662 678 
678 657 
644 679 
645 680 
679 680 
663 680 
664 681 
681 670 
675 688 
676 682 
677 683 
682 683 
683 672 
663 684 
684 673 
667 685 
668 685 
669 685 
669 686 
686 681 
670 687 
671 688 
675 694 
694 682 
672 689 
689 678 
673 690 
690 685 
670 691 
691 659 
653 692 
674 693 
692 693 
693 688 
682 695 
683 696 
695 696 
696 689 
657 697 
697 679 
686 698 
691 692 
693 694 
702 695 
678 709 
709 697 
680 699 
699 684 
690 705 
690 698 
686 700 
681 701 
700 701 
701 687 
694 702 
695 703 
696 704 
703 704 
704 689 
684 705 
706 700 
698 706 
701 691 
693 707 
708 703 
689 709 
690 710 
698 711 
710 711 
706 711 
691 716 
693 712 
702 712 
712 708 
703 713 
704 714 
713 714 
714 709 
697 719 
697 699 
705 715 
715 710 
701 716 
691 717 
716 717 
708 718 
718 713 
709 725 
725 719 
699 720 
720 715 
700 721 
701 721 
692 722 
717 722 
712 723 
723 718 
718 724 
714 724 
724 725 
726 721 
706 726 
712 727 
722 727 
724 728 
728 725 
731 719 
710 734 
734 726 
716 729 
723 730 
727 730 
718 730 
730 728 
725 731 
697 732 
739 732 
732 720 
715 733 
733 734 
721 741 
721 735 
741 735 
722 736 
727 737 
736 737 
728 738 
738 731 
719 739 
744 739 
720 740 
740 733 
726 741 
722 742 
717 742 
730 743 
737 743 
743 738 
731 744 
734 745 
735 746 
741 746 
736 747 
737 748 
747 748 
738 749 
743 749 
749 744 
753 739 
734 750 
726 750 
741 750 
741 752 
751 752 
741 751 
729 762 
744 753 
759 732 
733 754 
754 745 
751 750 
717 755 
762 755 
736 756 
742 756 
747 757 
756 757 
749 758 
748 758 
758 753 
739 759 
766 759 
740 760 
760 754 
750 761 
746 762 
762 763 
742 764 
755 764 
748 765 
757 765 
753 766 
745 767 
767 761 
750 768 
746 769 
752 769 
757 770 
756 770 
758 771 
765 771 
771 766 
775 759 
752 773 
772 773 
751 772 
762 774 
769 774 
766 775 
732 776 
782 776 
776 760 
754 784 
784 767 
772 768 
756 777 
764 777 
756 778 
777 778 
770 779 
778 779 
771 780 
765 780 
780 775 
759 782 
781 782 
760 783 
783 784 
761 785 
785 768 
763 786 
774 786 
775 787 
787 781 
767 788 
788 785 
768 789 
772 789 
769 790 
773 790 
779 791 
778 791 
780 792 
779 792 
792 787 
773 795 
774 793 
790 793 
799 776 
794 788 
772 795 
755 802 
778 796 
777 796 
792 797 
791 797 
797 787 
781 798 
782 799 
798 799 
784 800 
800 794 
785 801 
801 789 
786 802 
793 802 
764 803 
802 803 
791 804 
787 805 
805 798 
788 806 
806 801 
789 807 
795 807 
790 808 
795 808 
791 809 
796 809 
797 810 
804 810 
810 805 
811 812 
795 811 
793 813 
808 813 
776 814 
814 783 
794 815 
815 806 
802 816 
777 817 
803 817 
796 818 
817 818 
810 819 
804 819 
819 805 
798 824 
799 820 
824 820 
820 814 
783 821 
821 800 
801 822 
822 807 
802 831 
804 823 
809 823 
805 824 
806 825 
825 822 
807 826 
811 826 
808 830 
809 827 
818 827 
819 828 
823 828 
828 824 
832 820 
812 830 
829 830 
811 829 
813 831 
830 831 
824 832 
814 833 
833 821 
815 834 
834 825 
816 841 
818 835 
817 835 
828 836 
823 836 
836 832 
820 837 
837 833 
800 838 
838 834 
822 839 
839 826 
831 840 
830 840 
831 841 
840 841 
803 842 
841 842 
823 843 
827 843 
832 844 
844 837 
825 845 
845 839 
826 846 
829 846 
830 847 
847 848 
827 849 
835 849 
836 850 
843 850 
850 844 
837 851 
851 833 
852 847 
829 852 
841 853 
840 853 
844 854 
854 851 
833 855 
855 821 
834 856 
856 845 
841 857 
853 857 
817 858 
842 858 
835 859 
858 859 
835 860 
859 860 
849 861 
860 861 
850 862 
849 862 
862 854 
851 863 
863 855 
821 864 
864 838 
839 865 
865 846 
840 866 
842 867 
857 867 
854 868 
868 863 
855 869 
845 870 
870 865 
846 871 
852 871 
847 872 
848 872 
872 866 
861 873 
860 873 
862 874 
874 868 
863 875 
875 869 
876 872 
852 876 
853 877 
873 874 
868 878 
878 875 
855 886 
886 864 
856 879 
879 870 
876 880 
880 866 
857 881 
860 882 
859 882 
873 883 
882 883 
874 884 
884 878 
875 885 
869 886 
885 886 
864 887 
838 887 
887 879 
865 888 
888 871 
876 889 
880 877 
858 890 
890 859 
883 884 
878 891 
885 891 
870 892 
892 888 
876 893 
880 894 
893 894 
884 895 
895 891 
885 896 
886 896 
877 904 
904 881 
867 905 
905 890 
859 897 
882 897 
897 883 
898 895 
891 899 
899 896 
886 900 
900 887 
879 901 
901 892 
888 902 
902 889 
903 893 
889 903 
880 904 
881 905 
883 906 
906 898 
895 907 
907 899 
896 908 
908 900 
900 909 
909 901 
894 910 
910 904 
911 905 
899 912 
912 908 
893 913 
903 913 
913 910 
910 911 
907 914 
914 912 
908 915 
915 900 
892 916 
916 902 
903 917 
913 917 
905 918 
918 890 
919 906 
898 920 
920 914 
912 921 
921 915 
900 922 
916 917 
913 923 
923 910 
910 924 
924 911 
897 925 
925 919 
919 920 
914 926 
926 921 
915 927 
927 922 
900 928 
928 909 
901 929 
929 916 
910 930 
930 924 
911 931 
931 918 
890 932 
932 925 
921 933 
933 927 
934 935 
923 934 
935 930 
926 936 
936 933 
927 937 
916 938 
918 949 
918 939 
949 939 
920 940 
940 936 
933 941 
941 937 
922 946 
946 928 
938 934 
924 942 
925 943 
932 943 
919 944 
925 944 
936 945 
945 941 
927 946 
909 947 
947 929 
930 948 
931 949 
942 949 
941 952 
935 950 
934 950 
940 951 
944 951 
951 952 
937 953 
953 946 
938 954 
934 955 
950 955 
949 956 
925 957 
943 957 
941 958 
958 953 
964 928 
954 955 
950 959 
942 967 
932 960 
939 960 
944 961 
957 961 
951 962 
961 962 
952 963 
951 963 
946 964 
928 965 
965 947 
929 966 
966 954 
948 967 
959 967 
949 968 
967 968 
962 963 
952 969 
969 958 
950 970 
953 971 
971 964 
954 972 
939 973 
956 973 
957 974 
960 974 
962 975 
961 975 
975 963 
958 976 
976 971 
954 977 
977 970 
959 978 
961 979 
974 979 
979 975 
963 980 
980 969 
947 981 
966 981 
981 972 
967 982 
968 983 
982 983 
960 984 
973 984 
984 974 
975 985 
985 980 
969 986 
986 976 
987 978 
970 987 
971 988 
972 989 
989 977 
970 990 
987 990 
956 991 
973 992 
991 992 
974 993 
993 979 
985 994 
994 980 
976 995 
995 988 
964 996 
996 965 
977 997 
997 990 
978 998 
998 982 
999 983 
992 984 
993 994 
980 1000 
1000 986 
971 1001 
1001 996 
965 1002 
981 1003 
1002 1003 
1003 989 
982 1004 
1004 999 
984 1005 
993 1005 
994 1006 
1006 1000 
1000 995 
1007 998 
987 1007 
993 1008 
1008 1006 
1000 1009 
988 1010 
1010 1001 
989 1011 
1011 997 
992 1012 
1005 1013 
1013 1008 
1006 1014 
1014 1009 
1000 1015 
995 1015 
1015 1010 
1011 1007 
998 1016 
1016 1004 
999 1017 
1017 983 
1012 1013 
1003 1018 
1011 1019 
1018 1019 
1007 1020 
1020 1016 
1004 1021 
1021 1017 
983 1022 
1022 991 
1013 1023 
1023 1008 
1014 1024 
1024 1009 
1015 1025 
1025 1010 
996 1026 
1026 1002 
1011 1027 
1027 1020 
1028 1023 
1008 1029 
1029 1024 
1009 1030 
1030 1025 
1010 1031 
1031 1001 
1002 1032 
1032 1018 
1016 1034 
1033 1034 
1034 1021 
1023 1035 
1035 1029 
1024 1036 
1036 1030 
1025 1037 
1037 1031 
1017 1044 
991 1038 
1022 1038 
1012 1039 
1038 1039 
1029 1040 
1040 1036 
1030 1048 
1048 1037 
1031 1026 
1018 1041 
1019 1042 
1041 1042 
1042 1027 
1043 1034 
1033 1043 
1021 1044 
1028 1045 
1039 1045 
1035 1046 
1045 1046 
1046 1047 
1047 1040 
1036 1052 
1052 1048 
1037 1049 
1027 1050 
1033 1050 
1043 1050 
1022 1051 
1044 1051 
1040 1052 
1048 1053 
1053 1049 
1037 1058 
1031 1054 
1058 1054 
1032 1055 
1055 1041 
1034 1056 
1057 1053 
1049 1058 
1050 1059 
1043 1059 
1044 1060 
1056 1060 
1047 1061 
1046 1061 
1052 1062 
1061 1062 
1062 1057 
1053 1063 
1063 1058 
1070 1054 
1031 1077 
1077 1026 
1041 1064 
1042 1065 
1064 1065 
1065 1059 
1043 1066 
1060 1067 
1039 1068 
1038 1068 
1046 1069 
1045 1069 
1062 1063 
1058 1070 
1026 1083 
1083 1055 
1059 1071 
1071 1066 
1056 1072 
1066 1072 
1060 1073 
1072 1073 
1045 1074 
1068 1074 
1062 1075 
1061 1075 
1063 1076 
1076 1070 
1054 1077 
1081 1077 
1055 1078 
1078 1064 
1066 1079 
1038 1080 
1067 1080 
1075 1076 
1070 1081 
1076 1082 
1082 1081 
1064 1084 
1065 1085 
1084 1085 
1085 1071 
1067 1086 
1073 1086 
1069 1093 
1069 1087 
1093 1087 
1075 1088 
1087 1088 
1088 1082 
1081 1089 
1071 1090 
1090 1079 
1072 1092 
1091 1092 
1079 1091 
1074 1093 
1068 1093 
1082 1094 
1088 1094 
1094 1089 
1081 1095 
1077 1095 
1095 1083 
1073 1096 
1092 1096 
1088 1097 
1087 1097 
1088 1098 
1097 1098 
1094 1099 
1098 1099 
1099 1089 
1083 1100 
1084 1101 
1085 1102 
1101 1102 
1102 1090 
1091 1103 
1086 1104 
1096 1104 
1068 1105 
1080 1105 
1087 1106 
1110 1106 
1089 1112 
1112 1095 
1083 1120 
1120 1078 
1090 1107 
1107 1103 
1092 1108 
1103 1108 
1086 1109 
1104 1109 
1093 1110 
1105 1110 
1098 1111 
1097 1111 
1111 1112 
1095 1113 
1113 1100 
1078 1114 
1114 1101 
1096 1116 
1108 1116 
1097 1117 
1106 1117 
1119 1113 
1111 1118 
1117 1118 
1112 1119 
1118 1119 
1100 1120 
1101 1121 
1102 1122 
1121 1122 
1122 1107 
1103 1123 
1115 1123 
1104 1124 
1116 1124 
1110 1125 
1122 1123 
1108 1126 
1115 1126 
1109 1127 
1124 1127 
1110 1128 
1105 1128 
1118 1129 
1117 1129 
1118 1130 
1129 1130 
1113 1135 
1135 1131 
1131 1120 
1115 1132 
1116 1133 
1126 1133 
1117 1134 
1125 1134 
1119 1135 
1130 1136 
1129 1136 
1136 1135 
1144 1131 
1120 1137 
1121 1138 
1138 1139 
1122 1139 
1123 1140 
1132 1140 
1124 1151 
1105 1141 
1127 1141 
1125 1142 
1128 1142 
1125 1143 
1142 1143 
1135 1144 
1137 1114 
1122 1145 
1145 1140 
1126 1153 
1127 1146 
1151 1146 
1129 1147 
1134 1147 
1136 1148 
1147 1148 
1148 1144 
1131 1149 
1149 1137 
1114 1150 
1150 1138 
1133 1151 
1153 1151 
1127 1152 
1146 1152 
1144 1155 
1155 1149 
1132 1153 
1147 1154 
1143 1154 
1148 1155 
1154 1155 
1149 1156 
1137 1157 
1156 1157 
1139 1158 
1158 1145 
1140 1159 
1153 1159 
1151 1160 
1153 1160 
1142 1161 
1128 1161 
1143 1162 
1161 1162 
1163 1156 
1137 1164 
1164 1150 
1145 1165 
1165 1159 
1166 1167 
1153 1166 
1146 1168 
1160 1168 
1128 1169 
1141 1169 
1154 1170 
1162 1170 
1154 1171 
1170 1171 
1171 1163 
1156 1172 
1172 1157 
1160 1173 
1162 1174 
1161 1174 
1162 1175 
1174 1175 
1163 1176 
1176 1172 
1160 1177 
1168 1178 
1173 1178 
1171 1179 
1175 1179 
1179 1176 
1172 1180 
1157 1181 
1180 1181 
1181 1164 
1138 1182 
1158 1183 
1182 1183 
1183 1184 
1184 1165 
1159 1185 
1166 1185 
1168 1186 
1178 1186 
1176 1192 
1192 1180 
1164 1187 
1187 1150 
1165 1188 
1188 1185 
1167 1189 
1166 1189 
1189 1177 
1174 1190 
1169 1190 
1175 1191 
1174 1191 
1179 1191 
1191 1192 
1180 1193 
1193 1181 
1187 1182 
1200 1193 
1181 1194 
1194 1187 
1189 1195 
1177 1196 
1195 1196 
1173 1196 
1178 1197 
1196 1197 
1190 1198 
1169 1198 
1191 1199 
1192 1200 
1199 1200 
1193 1201 
1201 1194 
1187 1202 
1183 1188 
1185 1203 
1195 1203 
1190 1204 
1204 1199 
1211 1201 
1183 1205 
1188 1206 
1206 1203 
1196 1207 
1207 1197 
1186 1208 
1169 1209 
1208 1209 
1199 1210 
1200 1211 
1210 1211 
1201 1212 
1212 1194 
1187 1213 
1213 1182 
1205 1206 
1197 1214 
1214 1215 
1215 1208 
1221 1212 
1194 1216 
1216 1202 
1195 1217 
1203 1217 
1207 1218 
1217 1218 
1218 1214 
1198 1219 
1219 1204 
1210 1220 
1211 1221 
1220 1221 
1212 1222 
1222 1216 
1202 1223 
1223 1213 
1182 1224 
1224 1205 
1203 1225 
1217 1225 
1204 1226 
1226 1220 
1232 1222 
1205 1227 
1206 1228 
1228 1225 
1217 1229 
1229 1218 
1230 1214 
1220 1231 
1221 1232 
1231 1232 
1222 1233 
1233 1216 
1227 1228 
1218 1239 
1239 1230 
1214 1234 
1234 1215 
1208 1235 
1209 1235 
1235 1219 
1236 1233 
1216 1237 
1237 1223 
1225 1238 
1229 1238 
1238 1239 
1215 1240 
1240 1235 
1241 1226 
1231 1242 
1242 1243 
1232 1243 
1243 1236 
1236 1244 
1244 1237 
1213 1245 
1237 1245 
1245 1224 
1246 1230 
1241 1242 
1227 1247 
1228 1248 
1238 1248 
1239 1250 
1249 1250 
1238 1249 
1250 1246 
1230 1251 
1251 1234 
1219 1252 
1235 1252 
1243 1253 
1253 1236 
1254 1244 
1247 1248 
1234 1255 
1251 1255 
1235 1256 
1240 1256 
1236 1260 
1260 1254 
1237 1257 
1240 3 
1255 3 
1235 4 
1241 1258 
1252 1258 
1242 1259 
1258 1259 
1253 1259 
1259 1260 
1244 1261 
1261 1257 
1257 1245 
1224 12 
12 1247 
1246 1262 
1263 1254 
1247 1264 
1248 1265 
1249 1265 
1250 0 
1249 0 
1251 2 
1262 2 
1252 5 
1260 7 
7 1263 
1254 8 
8 1261 
1264 1265 
1259 7 
1257 9 
6 1258 
9 1261 
10 1257 
11 1245 
13 2 
7 23 
12 15 
1264 16 
17 1 
23 19 
16 17 
18 3 
20 4 
21 6 
14 23 
9 24 
17 25 
25 13 
26 20 
19 29 
11 30 
25 31 
31 18 
28 32 
22 33 
15 34 
16 35 
31 37 
33 39 
30 40 
35 36 
37 26 
20 41 
38 42 
28 43 
32 44 
39 45 
24 46 
10 47 
36 48 
42 49 
43 50 
47 51 
40 52 
48 54 
41 55 
50 56 
51 57 
52 53 
54 58 
26 59 
20 60 
55 61 
61 62 
49 63 
45 64 
46 66 
52 65 
65 67 
53 68 
60 69 
69 70 
62 71 
66 72 
59 74 
69 75 
71 76 
72 77 
57 78 
74 79 
75 80 
70 81 
66 82 
84 59 
79 85 
76 86 
64 87 
73 88 
88 83 
89 74 
80 91 
81 92 
89 79 
94 90 
85 95 
77 93 
78 93 
96 84 
95 98 
86 99 
87 100 
82 101 
102 83 
102 96 
103 94 
104 97 
97 105 
98 106 
99 107 
109 103 
105 111 
100 112 
113 96 
114 104 
115 110 
112 117 
119 113 
129 84 
115 116 
116 120 
107 121 
122 109 
123 114 
124 115 
120 126 
99 127 
112 128 
130 122 
131 123 
132 125 
125 133 
121 134 
128 135 
135 118 
136 129 
137 132 
139 119 
140 136 
141 130 
138 142 
126 143 
145 137 
146 132 
142 148 
142 149 
143 150 
127 151 
134 152 
153 122 
146 147 
147 154 
151 155 
152 156 
157 141 
162 157 
160 153 
158 159 
151 161 
169 131 
163 158 
154 165 
148 166 
150 167 
155 168 
156 162 
170 144 
171 164 
164 172 
161 173 
168 174 
175 160 
176 171 
162 179 
179 175 
180 169 
166 181 
167 182 
174 178 
183 170 
184 163 
185 176 
165 187 
181 188 
173 189 
198 183 
190 186 
186 191 
182 192 
189 193 
197 180 
194 190 
178 197 
195 199 
187 200 
167 201 
193 196 
208 170 
202 194 
199 204 
188 205 
192 206 
209 184 
210 203 
203 211 
201 212 
206 213 
196 214 
197 215 
215 207 
216 210 
211 218 
216 217 
217 221 
218 222 
205 223 
213 219 
224 209 
225 202 
227 216 
221 230 
222 231 
212 232 
215 233 
233 220 
234 225 
228 229 
229 235 
230 236 
223 237 
232 238 
219 239 
228 241 
235 242 
233 244 
244 224 
241 245 
205 246 
238 243 
239 247 
244 248 
248 234 
249 240 
240 251 
245 252 
242 253 
253 254 
237 255 
234 257 
251 258 
246 259 
255 256 
238 256 
256 260 
243 261 
250 262 
258 263 
257 264 
250 265 
262 266 
263 267 
254 268 
259 269 
261 271 
271 272 
264 273 
265 274 
266 275 
254 276 
269 270 
260 277 
271 278 
274 279 
265 281 
279 282 
268 283 
269 284 
278 285 
264 286 
273 287 
281 288 
282 289 
257 292 
287 293 
288 294 
289 295 
276 296 
284 290 
290 297 
291 298 
285 299 
293 300 
290 302 
287 303 
300 304 
296 305 
283 301 
284 301 
306 299 
286 307 
303 308 
297 309 
309 298 
311 307 
307 312 
304 313 
295 314 
302 315 
315 309 
317 315 
318 312 
312 319 
308 320 
296 321 
305 322 
323 306 
324 311 
319 325 
326 315 
334 316 
327 310 
328 318 
320 331 
331 332 
314 333 
335 323 
330 336 
337 326 
327 324 
325 338 
333 339 
321 337 
322 337 
340 327 
341 328 
336 343 
339 344 
337 345 
345 334 
349 335 
342 347 
332 348 
345 349 
350 323 
346 352 
347 353 
343 355 
348 356 
344 357 
350 358 
323 359 
351 360 
346 361 
353 362 
338 363 
356 364 
354 365 
349 366 
361 367 
355 368 
363 369 
332 370 
365 371 
359 372 
360 373 
372 375 
373 376 
362 377 
370 378 
364 374 
357 374 
358 379 
359 380 
375 381 
376 382 
374 383 
371 384 
369 385 
370 386 
378 387 
383 388 
384 389 
379 390 
375 391 
376 392 
368 393 
386 394 
379 395 
390 396 
391 397 
392 398 
393 399 
387 401 
395 402 
396 403 
397 404 
394 400 
387 400 
411 389 
405 379 
406 395 
402 407 
399 408 
385 409 
401 411 
412 402 
402 414 
403 415 
415 416 
409 417 
418 405 
414 419 
419 420 
404 421 
393 422 
410 423 
423 411 
427 418 
419 424 
420 425 
409 426 
428 419 
424 430 
422 431 
408 432 
433 423 
434 418 
435 412 
436 428 
430 437 
432 438 
426 433 
439 427 
440 434 
434 405 
441 436 
429 443 
437 444 
450 445 
446 439 
447 435 
436 442 
443 448 
438 446 
442 449 
444 450 
445 451 
431 452 
454 442 
449 456 
452 457 
458 439 
459 440 
453 447 
456 462 
457 458 
463 453 
465 461 
462 467 
445 468 
451 469 
457 470 
470 459 
472 460 
477 454 
473 464 
469 474 
475 463 
476 447 
478 466 
466 479 
479 480 
487 481 
482 475 
483 471 
476 472 
484 478 
470 482 
478 486 
480 487 
481 488 
468 489 
474 490 
491 476 
492 473 
492 484 
493 483 
495 492 
497 486 
480 498 
499 493 
500 491 
494 472 
501 496 
497 502 
490 499 
498 504 
481 505 
488 506 
489 507 
518 494 
508 495 
510 501 
503 511 
506 512 
520 500 
514 503 
511 516 
504 517 
519 508 
510 514 
521 515 
522 523 
516 524 
505 525 
512 526 
507 520 
527 513 
528 510 
529 521 
522 530 
524 531 
525 532 
520 534 
534 527 
535 519 
536 528 
538 522 
530 539 
526 533 
540 535 
535 508 
542 537 
538 543 
534 544 
544 540 
542 538 
543 547 
539 548 
517 549 
505 550 
525 551 
532 552 
553 508 
553 536 
536 541 
548 554 
551 555 
546 559 
559 560 
552 556 
557 558 
560 561 
556 563 
540 564 
564 553 
557 566 
558 567 
567 568 
561 569 
555 570 
552 562 
576 565 
565 571 
549 572 
550 573 
562 574 
564 575 
553 576 
571 577 
566 578 
578 579 
569 580 
574 581 
564 582 
579 583 
562 585 
576 586 
571 587 
577 588 
588 589 
583 590 
580 591 
573 592 
586 593 
591 594 
572 595 
585 597 
593 598 
587 599 
599 600 
592 596 
597 601 
582 602 
599 603 
600 604 
595 605 
596 606 
601 607 
586 608 
593 609 
598 610 
600 611 
590 612 
606 613 
591 614 
594 615 
605 617 
613 618 
619 608 
609 620 
603 621 
615 616 
622 607 
611 624 
625 623 
626 619 
627 609 
620 629 
621 630 
612 631 
617 632 
632 618 
629 633 
631 634 
614 635 
636 632 
637 622 
633 639 
635 636 
637 625 
638 627 
641 632 
642 628 
642 640 
639 643 
643 644 
624 645 
646 637 
640 656 
631 648 
634 649 
650 641 
656 652 
649 650 
651 625 
653 626 
654 642 
647 656 
643 657 
650 658 
658 646 
659 653 
652 662 
645 663 
658 664 
664 651 
661 665 
655 666 
648 667 
649 668 
664 670 
666 672 
663 673 
668 669 
670 659 
653 674 
671 675 
661 676 
665 677 
672 678 
657 679 
644 680 
669 681 
675 682 
676 683 
680 684 
673 685 
681 687 
674 688 
683 689 
684 690 
685 686 
687 691 
659 692 
653 693 
688 694 
694 695 
682 696 
678 697 
679 699 
685 698 
698 700 
686 701 
693 702 
702 703 
695 704 
699 705 
692 707 
702 708 
704 709 
705 710 
690 711 
707 712 
708 713 
703 714 
699 715 
717 692 
712 718 
709 719 
697 720 
706 721 
721 716 
722 707 
713 724 
714 725 
722 712 
727 723 
718 728 
710 726 
711 726 
729 717 
728 731 
719 732 
720 733 
715 734 
735 716 
735 729 
736 727 
737 730 
730 738 
731 739 
732 740 
742 736 
738 744 
733 745 
746 729 
747 737 
748 743 
745 750 
752 746 
762 717 
748 749 
749 753 
740 754 
755 742 
756 747 
757 748 
753 759 
732 760 
745 761 
763 755 
764 756 
765 758 
758 766 
754 767 
761 768 
768 751 
769 762 
770 765 
772 752 
773 769 
774 763 
771 775 
759 776 
778 770 
779 765 
775 781 
775 782 
776 783 
760 784 
767 785 
786 755 
779 780 
780 787 
784 788 
785 789 
790 774 
795 790 
793 786 
791 792 
784 794 
802 764 
796 791 
787 798 
781 799 
783 800 
788 801 
789 795 
803 777 
804 797 
797 805 
794 806 
801 807 
808 793 
809 804 
795 812 
812 808 
813 802 
799 814 
800 815 
807 811 
816 803 
817 796 
818 809 
798 820 
814 821 
806 822 
831 816 
823 819 
819 824 
815 825 
822 826 
830 813 
827 823 
811 830 
828 832 
820 833 
800 834 
826 829 
841 803 
835 827 
832 837 
821 838 
825 839 
842 817 
843 836 
836 844 
834 845 
839 846 
829 847 
830 848 
848 840 
849 843 
844 851 
849 850 
850 854 
851 855 
838 856 
846 852 
857 842 
858 835 
860 849 
854 863 
855 864 
845 865 
848 866 
866 853 
867 858 
861 862 
862 868 
863 869 
856 870 
865 871 
852 872 
861 874 
868 875 
866 877 
877 857 
874 878 
838 879 
871 876 
872 880 
877 881 
881 867 
882 873 
873 884 
878 885 
875 886 
886 887 
870 888 
867 890 
884 891 
879 892 
888 889 
871 889 
889 893 
876 894 
883 895 
891 896 
890 897 
883 898 
895 899 
896 900 
887 901 
892 902 
894 904 
904 905 
897 906 
898 907 
899 908 
887 909 
902 903 
893 910 
904 911 
907 912 
898 914 
912 915 
901 916 
902 917 
911 918 
897 919 
906 920 
914 921 
915 922 
890 925 
920 926 
921 927 
922 928 
909 929 
917 923 
923 930 
924 931 
918 932 
926 933 
923 935 
920 936 
933 937 
929 938 
916 934 
917 934 
939 932 
919 940 
936 941 
930 942 
942 931 
944 940 
940 945 
937 946 
928 947 
935 948 
948 942 
950 948 
951 945 
945 952 
941 953 
929 954 
938 955 
956 939 
957 944 
952 958 
959 948 
967 949 
960 943 
961 951 
953 964 
964 965 
947 966 
968 956 
963 969 
970 959 
960 957 
958 971 
966 972 
954 970 
955 970 
973 960 
974 961 
969 976 
972 977 
970 978 
978 967 
982 968 
975 980 
965 981 
978 982 
983 956 
979 985 
980 986 
976 988 
981 989 
977 990 
983 991 
956 992 
984 993 
979 994 
986 995 
971 996 
989 997 
987 998 
982 999 
994 1000 
988 1001 
996 1002 
965 1003 
998 1004 
992 1005 
993 1006 
1005 1008 
1006 1009 
995 1010 
1003 1011 
997 1007 
990 1007 
991 1012 
992 1013 
1008 1014 
1009 1015 
1007 1016 
1004 1017 
1002 1018 
1003 1019 
1011 1020 
1016 1021 
1017 1022 
1012 1023 
1008 1024 
1009 1025 
1001 1026 
1019 1027 
1012 1028 
1023 1029 
1024 1030 
1025 1031 
1026 1032 
1020 1034 
1028 1035 
1029 1036 
1030 1037 
1027 1033 
1020 1033 
1044 1022 
1038 1012 
1039 1028 
1035 1040 
1032 1041 
1018 1042 
1034 1044 
1045 1035 
1035 1047 
1036 1048 
1048 1049 
1042 1050 
1051 1038 
1047 1052 
1052 1053 
1037 1054 
1026 1055 
1043 1056 
1056 1044 
1060 1051 
1052 1057 
1053 1058 
1042 1059 
1061 1052 
1057 1063 
1055 1064 
1041 1065 
1066 1056 
1067 1051 
1068 1045 
1069 1061 
1063 1070 
1065 1071 
1059 1066 
1072 1060 
1073 1067 
1067 1038 
1074 1069 
1062 1076 
1070 1077 
1083 1078 
1079 1072 
1080 1068 
1069 1075 
1076 1081 
1071 1079 
1075 1082 
1077 1083 
1078 1084 
1064 1085 
1087 1075 
1082 1089 
1085 1090 
1091 1072 
1092 1073 
1086 1080 
1089 1095 
1090 1091 
1096 1086 
1098 1094 
1095 1100 
1078 1101 
1084 1102 
1090 1103 
1103 1092 
1105 1093 
1110 1087 
1106 1097 
1102 1107 
1108 1096 
1109 1080 
1111 1099 
1099 1112 
1112 1113 
1120 1114 
1115 1108 
1116 1104 
1109 1105 
1117 1111 
1103 1115 
1111 1119 
1113 1120 
1114 1121 
1101 1122 
1107 1123 
1124 1109 
1125 1106 
1125 1117 
1126 1116 
1128 1125 
1130 1119 
1113 1131 
1132 1126 
1133 1124 
1127 1105 
1134 1129 
1130 1135 
1123 1132 
1131 1137 
1114 1138 
1121 1139 
1122 1140 
1151 1127 
1141 1128 
1143 1134 
1136 1144 
1139 1145 
1153 1133 
1147 1136 
1144 1149 
1137 1150 
1152 1141 
1143 1147 
1154 1148 
1155 1156 
1149 1157 
1138 1158 
1145 1159 
1140 1153 
1160 1146 
1161 1143 
1162 1154 
1155 1163 
1157 1164 
1158 1165 
1153 1167 
1167 1160 
1168 1152 
1169 1161 
1171 1155 
1163 1172 
1159 1166 
1173 1168 
1168 1141 
1175 1170 
1171 1176 
1167 1177 
1177 1173 
1175 1171 
1176 1180 
1172 1181 
1150 1182 
1138 1183 
1158 1184 
1165 1185 
1186 1141 
1186 1169 
1169 1174 
1181 1187 
1184 1188 
1179 1192 
1192 1193 
1185 1189 
1190 1191 
1193 1194 
1189 1196 
1173 1197 
1197 1186 
1190 1199 
1191 1200 
1200 1201 
1194 1202 
1188 1203 
1185 1195 
1209 1198 
1198 1204 
1182 1205 
1183 1206 
1195 1207 
1197 1208 
1186 1209 
1204 1210 
1199 1211 
1211 1212 
1202 1213 
1207 1214 
1197 1215 
1212 1216 
1195 1218 
1209 1219 
1204 1220 
1210 1221 
1221 1222 
1216 1223 
1213 1224 
1206 1225 
1219 1226 
1224 1227 
1205 1228 
1218 1230 
1226 1231 
1220 1232 
1232 1233 
1225 1229 
1230 1234 
1215 1235 
1232 1236 
1233 1237 
1228 1238 
1229 1239 
1234 1240 
1219 1241 
1226 1242 
1231 1243 
1233 1244 
1223 1245 
1239 1246 
1224 1247 
1227 1248 
1238 1250 
1246 1251 
1252 1241 
1242 1253 
1236 1254 
1248 1249 
1255 1240 
1244 1257 
4 1252 
1258 1242 
1253 1260 
1254 1261 
1250 1262 
1262 1251 
1260 1263 
1247 1265 
0 1262 
2 1255 
1263 8 
1265 0 
5 1258 
6 1259 
1257 11 
1245 12 
